((("Revendedora" .
   [1 0 0 0 0 0 0 0 0 0 0])
  ("id" .
   [1 0])
  ("VARCHAR" .
   [1 0 0 0 0 0 0])
  ("placa" .
   [1 0 0 0 0])
  ("cor" .
   [1 0 0])
  ("text" .
   [2 0 0 0])
  ("Ano" .
   [1 0 0])
  ("usado" .
   [1 0 0 0 0])
  ("BOOLEAN" .
   [0 0 1 0 0 0 0])
  ("condicao" .
   [4 0 0 0 0 0 0 0])
  ("Register" .
   [1 0 0 0 0 0 0 0])
  ("--noconfirm" .
   [1 0 0 0 0 0 0 0 0 0 1])
  ("-S" .
   [1 0])
  ("pacman" .
   [2 0 0 0 0 0])
  ("def" .
   [3 0 0])
  ("MODULES" .
   [0 0 0 0 0 0 1])
  ("module" .
   [1 0 0 0 0 0])
  ("defmodule" .
   [1 0 0 0 0 0 0 0 0])
  ("do" .
   [4 0])
  ("start_link" .
   [1 0 0 0 0 0 0 0 0 0])
  ("fn" .
   [1 0])
  ("end" .
   [3 0 0])
  ("defp" .
   [1 0 0 0])
  ("loop" .
   [3 0 0 0])
  ("map" .
   [2 0 0])
  ("key" .
   [4 0 0])
  ("caller" .
   [1 0 0 0 0 0])
  ("value" .
   [2 0 0 0 0])
  ("Map" .
   [1 0 0])))
